NAME	= Blue_2B
DESCRIPTION	= 
UNIT	= 
DATAFORMAT	= SHORTINT_UNSIGNED
DATAFILE_OFFSET	= 0
BYTEORDER_BIG	= FALSE
TOPTOBOTTOM	= FALSE
POSITION_XMIN	= 673645.0000000000
POSITION_YMIN	= 5228955.0000000000
CELLCOUNT_X	= 2113
CELLCOUNT_Y	= 1716
CELLSIZE	= 10.0000000000
Z_FACTOR	= 1.000000
Z_OFFSET	= 0.000000
NODATA_VALUE	= 65535.000000;65535.000000
