NAME	= DEM
DESCRIPTION	= STATISTICS_MAXIMUM=2478.8679199219
STATISTICS_MEAN=1346.6984378897
STATISTICS_MINIMUM=565.69097900391
STATISTICS_STDDEV=582.98561256454

UNIT	= 
DATAFORMAT	= FLOAT
DATAFILE_OFFSET	= 0
BYTEORDER_BIG	= FALSE
TOPTOBOTTOM	= FALSE
POSITION_XMIN	= 76160.0000000000
POSITION_YMIN	= 235690.0000000000
CELLCOUNT_X	= 202
CELLCOUNT_Y	= 265
CELLSIZE	= 30.0000000000
Z_FACTOR	= 1.000000
Z_OFFSET	= 0.000000
NODATA_VALUE	= -99999.000000;-99999.000000
