NAME	= HoettingDTM
DESCRIPTION	= STATISTICS_MAXIMUM=846.83728027344
STATISTICS_MEAN=712.76783011742
STATISTICS_MINIMUM=621.94470214844
STATISTICS_STDDEV=53.70560889538

UNIT	= 
DATAFORMAT	= FLOAT
DATAFILE_OFFSET	= 0
BYTEORDER_BIG	= FALSE
TOPTOBOTTOM	= FALSE
POSITION_XMIN	= 679750.0000000000
POSITION_YMIN	= 5237750.0000000000
CELLCOUNT_X	= 400
CELLCOUNT_Y	= 400
CELLSIZE	= 2.5000000000
Z_FACTOR	= 1.000000
Z_OFFSET	= 0.000000
NODATA_VALUE	= -99999.000000;-99999.000000
