NAME	= HoettingDSM
DESCRIPTION	= STATISTICS_MAXIMUM=871.08941650391
STATISTICS_MEAN=719.65660730705
STATISTICS_MINIMUM=622.48413085938
STATISTICS_STDDEV=55.329103950842

UNIT	= 
DATAFORMAT	= FLOAT
DATAFILE_OFFSET	= 0
BYTEORDER_BIG	= FALSE
TOPTOBOTTOM	= FALSE
POSITION_XMIN	= 679750.0000000000
POSITION_YMIN	= 5237750.0000000000
CELLCOUNT_X	= 400
CELLCOUNT_Y	= 400
CELLSIZE	= 2.5000000000
Z_FACTOR	= 1.000000
Z_OFFSET	= 0.000000
NODATA_VALUE	= -99999.000000;-99999.000000
