session4/DEM.asc
NCOLS 202
NROWS 265
XLLCORNER 76145.0000000000
YLLCORNER 235675.0000000000
CELLSIZE 30.000000
NODATA_VALUE -99999.000
[rows 140 to 167 of 265, columns 126 to 188 of 202]
946.807 944.848 942.786 943.279 940.870 939.249 937.447 934.624 930.819 928.854 927.031 924.349 923.095 922.419 922.054 921.493 920.037 920.414 920.247 920.163 919.839 918.359 915.467 912.802 911.491 911.858 906.874 898.804 900.148 898.603 891.849 892.211 890.315 884.256 872.081 869.239 870.204 871.972 869.683 857.522 837.625 836.739 836.458 815.066 798.326 781.035 761.483 744.078 727.992 728.801 742.783 741.230 734.004 726.471 719.143 707.306 697.078 693.870 693.096 692.188 694.258 687.179 683.832
941.326 938.724 936.434 935.899 934.411 934.036 931.746 929.467 927.284 924.532 923.117 920.850 920.146 919.651 918.508 917.337 916.195 916.137 916.151 916.885 917.928 917.470 915.085 913.816 900.180 898.539 899.349 894.307 889.917 889.309 888.818 887.025 882.056 874.828 871.179 864.165 861.727 863.878 863.603 855.072 834.747 823.071 822.823 819.149 800.035 785.779 765.614 744.798 729.954 713.912 727.376 728.761 723.697 710.918 703.717 696.762 692.000 692.336 692.459 692.352 692.088 684.658 680.104
936.499 933.849 930.560 930.260 928.132 927.957 926.429 924.914 923.133 920.387 918.858 919.563 916.928 916.895 914.957 913.118 912.169 912.194 912.545 913.898 914.972 914.524 911.970 903.333 893.759 888.478 887.861 886.998 884.158 884.237 883.487 879.244 877.290 868.440 862.466 860.248 858.173 853.660 848.209 840.631 830.148 814.522 799.095 798.228 783.604 769.505 757.178 744.874 729.300 713.607 705.505 709.375 703.878 693.853 689.209 688.452 688.806 689.194 692.284 692.308 692.069 681.728 672.598
933.420 928.085 925.926 922.643 922.370 922.079 921.223 919.741 919.533 917.999 916.075 915.322 913.251 913.150 911.313 908.999 908.281 908.574 903.364 907.509 905.345 903.713 897.736 891.584 886.845 885.111 881.078 879.093 880.211 877.946 877.955 873.307 867.592 863.524 859.493 854.003 851.993 841.421 833.068 826.864 819.582 802.090 785.511 780.420 771.184 761.780 748.555 734.015 716.984 704.974 699.214 694.675 689.994 686.283 680.759 675.735 673.102 673.778 685.880 688.365 686.700 678.327 669.664
928.172 923.795 920.985 916.889 916.453 917.271 918.130 916.238 914.616 914.454 910.387 910.246 909.299 907.239 905.939 904.674 901.112 899.073 897.961 893.558 891.862 889.723 886.744 885.690 880.718 881.432 880.748 871.555 870.615 872.071 871.771 868.786 865.998 861.790 856.903 845.350 839.624 820.309 811.248 806.915 805.723 793.688 775.027 756.835 757.470 745.908 737.477 712.588 702.992 697.612 694.873 687.994 683.619 677.795 671.710 667.270 667.619 666.152 665.899 668.188 671.216 671.680 664.918
918.146 917.279 915.933 911.943 910.172 913.055 912.799 912.215 909.422 905.557 905.898 904.419 904.304 902.394 901.060 895.433 894.455 889.573 886.651 886.618 882.725 884.242 879.475 877.652 877.440 878.620 878.104 870.392 862.189 864.777 865.728 865.328 863.061 859.182 849.523 834.651 817.835 801.248 788.314 788.387 786.907 781.220 770.715 750.226 741.529 730.483 722.541 703.278 694.723 688.414 687.251 684.020 678.753 672.839 667.461 663.351 660.805 659.557 658.034 655.669 652.954 655.093 663.223
911.654 910.070 908.678 907.823 904.806 905.358 902.410 905.678 905.159 903.874 898.251 899.131 896.634 894.768 891.399 892.279 884.010 881.517 879.647 878.486 876.545 875.583 873.006 873.245 872.722 873.599 871.011 869.967 865.279 856.304 858.086 861.253 858.790 847.850 831.328 820.838 811.452 788.662 766.311 762.164 762.114 759.596 753.670 748.398 723.877 712.593 703.723 691.812 686.811 682.516 679.303 676.217 673.159 668.197 664.093 659.803 656.300 654.328 653.485 651.695 648.222 646.473 651.169
904.779 903.675 901.727 901.192 899.431 898.662 898.663 899.060 899.016 897.058 892.898 889.562 886.681 875.706 883.570 882.155 876.131 875.779 876.320 877.020 871.975 869.242 869.200 868.317 868.339 868.416 867.710 867.369 865.404 861.202 848.168 851.559 841.431 832.328 811.187 809.042 795.669 785.566 762.319 741.448 739.768 736.185 737.097 735.106 723.356 707.170 696.318 687.770 680.205 675.469 671.201 669.611 666.501 662.984 659.141 654.968 651.744 650.032 649.457 647.383 644.796 643.071 643.406
898.152 896.691 894.945 895.122 894.059 893.541 892.615 891.075 890.311 888.469 888.355 883.678 873.313 874.709 876.135 874.809 870.842 870.062 868.269 869.846 869.359 867.391 865.761 866.344 867.470 867.723 867.404 865.427 863.938 861.622 850.797 820.593 811.087 805.780 799.231 786.326 785.469 767.102 757.783 739.477 719.644 716.551 723.369 725.032 718.821 706.536 694.162 684.156 677.561 669.936 661.116 662.217 660.225 656.892 652.806 649.713 647.167 645.639 645.431 644.485 642.930 642.688 642.768
891.353 890.002 889.508 889.177 889.333 889.143 886.818 885.461 882.699 880.593 879.587 878.928 873.112 874.096 872.937 868.985 867.059 866.865 867.587 867.331 864.609 863.831 863.690 863.993 865.589 865.793 865.140 860.870 853.821 847.594 838.709 812.581 795.827 785.670 777.259 762.482 763.351 760.830 742.017 730.022 711.443 701.504 706.271 706.944 705.044 703.652 694.025 684.167 673.220 663.373 657.020 655.421 654.112 651.070 648.257 645.781 643.881 642.044 641.401 642.248 642.016 642.927 641.608
886.026 885.498 884.918 884.512 885.003 884.030 882.301 880.784 879.544 877.638 875.046 873.731 871.539 869.937 868.064 865.867 863.706 862.147 863.957 863.750 862.482 860.864 859.665 859.468 861.089 860.392 860.536 851.063 845.861 828.579 809.790 801.117 781.565 769.268 759.217 750.833 741.673 740.842 734.680 719.900 704.169 691.406 687.888 689.215 688.266 687.552 684.296 677.744 669.889 657.167 642.943 648.969 648.983 644.442 645.969 641.959 639.714 635.530 637.092 638.452 638.378 638.537 638.766
882.494 880.204 880.113 879.690 880.885 877.962 879.037 875.341 874.365 871.446 873.194 869.771 868.694 868.478 867.148 860.476 859.950 859.934 861.096 861.087 859.559 859.029 857.940 857.501 855.683 850.976 845.438 838.976 825.283 807.209 799.515 787.416 771.846 754.644 744.195 731.235 719.464 720.369 717.935 709.263 691.889 682.266 676.236 669.505 665.542 669.388 670.712 663.493 652.964 643.077 639.910 640.498 639.885 638.487 635.670 632.691 632.794 630.962 631.202 634.260 633.917 632.668 632.668
876.465 876.567 875.668 875.914 876.401 873.959 873.060 871.989 870.863 869.015 867.418 866.475 864.483 862.700 863.246 857.680 857.974 858.089 858.127 857.790 857.103 857.089 857.032 856.219 851.881 840.641 831.219 812.439 802.439 795.675 786.133 777.232 766.371 746.405 731.227 719.674 707.584 698.256 693.626 685.892 678.678 671.001 665.069 659.652 655.033 650.866 649.956 645.518 642.095 641.079 639.526 634.453 632.312 629.965 626.596 622.849 621.953 621.511 626.781 630.671 628.624 623.770 618.864
873.420 872.462 871.636 872.119 871.136 870.037 867.416 868.721 867.737 866.557 862.769 862.031 861.120 858.806 856.991 854.878 852.611 852.853 854.884 854.020 854.478 854.170 848.428 843.056 838.164 832.950 819.050 793.547 785.760 788.700 784.230 781.552 765.954 745.964 728.145 715.970 703.696 690.158 680.376 674.855 669.598 662.582 660.876 653.744 648.887 644.696 642.226 642.368 639.550 636.830 634.303 629.204 627.163 625.285 622.536 618.671 617.943 617.452 626.288 625.350 620.894 616.346 613.677
868.535 868.527 867.713 867.582 865.451 865.022 864.030 864.323 864.188 861.826 857.184 857.204 856.166 855.418 841.486 847.206 847.659 848.798 850.471 852.069 850.461 841.949 838.619 830.389 821.628 811.913 790.039 778.894 779.104 774.984 767.890 761.849 759.365 750.259 736.245 722.269 705.660 692.169 682.162 669.050 658.535 654.516 648.694 648.266 641.698 640.425 638.264 633.824 629.384 629.926 625.528 624.253 622.475 620.374 619.254 612.389 610.055 610.980 621.072 621.141 614.008 612.887 612.547
866.579 866.585 866.518 864.759 863.151 861.218 860.905 860.220 861.058 858.394 854.126 853.917 851.638 840.191 841.165 843.569 845.299 845.977 848.352 845.710 836.528 830.879 817.366 807.985 801.440 780.162 767.022 765.543 777.679 777.323 764.316 749.130 745.516 750.087 742.743 730.274 714.261 695.614 680.025 672.391 657.851 647.770 640.198 632.099 633.837 630.831 630.227 628.373 625.455 623.277 620.674 620.862 618.524 615.370 609.371 606.554 606.616 606.695 618.047 619.875 613.648 606.733 613.113
864.750 861.674 860.348 862.935 860.891 857.102 856.879 856.193 857.664 857.607 853.268 850.471 848.300 841.846 840.769 841.960 841.863 843.560 840.304 832.832 822.718 811.104 796.206 785.447 781.399 760.703 745.979 750.861 763.622 770.854 764.322 748.485 741.033 740.513 740.038 730.623 715.790 698.342 681.927 670.533 655.093 645.031 631.052 630.385 625.874 625.890 625.329 621.239 618.701 619.998 618.065 615.741 614.457 611.121 606.886 605.036 602.850 602.231 611.760 616.924 611.413 603.703 615.166
858.810 857.582 854.982 856.432 856.173 855.476 850.003 852.044 851.944 849.831 848.175 847.057 844.696 840.761 838.636 834.364 838.229 834.512 827.684 814.657 800.989 789.074 777.580 760.972 749.542 754.047 729.548 733.775 746.429 760.937 761.016 741.545 741.709 740.414 737.894 722.863 708.857 693.707 677.839 663.477 649.342 637.045 625.531 623.685 620.434 617.569 615.822 612.746 614.305 613.005 612.372 612.773 612.230 608.935 605.843 602.544 599.557 599.315 604.185 608.459 602.422 604.913 615.989
852.060 850.921 849.000 849.370 849.452 850.417 848.534 841.682 845.691 845.222 845.154 840.957 841.225 835.405 831.810 832.383 828.535 820.135 807.912 795.397 782.031 767.748 745.391 742.357 726.297 722.386 714.201 716.630 731.718 747.369 751.768 736.318 734.246 736.771 727.262 711.116 695.453 679.946 665.532 650.512 636.290 629.212 621.878 615.983 614.319 610.671 606.246 606.175 608.355 608.600 606.382 610.461 610.849 604.155 603.027 602.713 600.217 597.633 596.121 597.762 599.252 601.994 614.124
845.827 845.180 842.214 843.364 844.176 843.244 842.874 837.554 840.467 840.083 837.823 834.463 831.993 829.769 829.209 821.481 815.786 810.569 793.020 777.960 766.802 751.039 731.096 724.972 722.263 699.228 693.951 705.238 720.688 733.764 742.592 731.615 717.651 718.377 714.201 701.531 683.769 667.230 653.839 637.585 628.923 615.343 609.851 608.808 607.387 606.276 599.830 600.312 599.328 600.637 600.776 607.807 600.165 597.941 597.034 596.657 597.753 598.010 595.254 596.767 594.826 600.849 611.200
839.573 838.814 836.542 839.382 838.610 837.793 837.384 834.918 836.253 833.736 830.750 828.876 825.414 822.288 818.524 814.875 809.849 800.215 773.664 757.644 746.563 743.608 724.948 704.848 708.601 695.002 679.715 691.226 706.262 719.121 731.409 730.709 709.585 700.332 698.296 689.566 674.678 658.494 643.583 627.313 615.299 608.927 602.465 601.983 601.819 601.703 598.846 593.919 592.019 594.559 601.582 606.666 595.439 594.597 593.090 592.745 592.965 592.142 592.651 592.409 592.708 601.422 608.695
834.366 834.052 834.531 834.787 834.152 832.566 831.625 830.363 827.254 828.846 826.226 824.297 823.943 816.554 813.057 808.563 805.565 780.540 763.131 745.250 731.197 723.646 717.306 698.858 690.708 682.287 672.674 675.732 693.879 710.858 713.997 715.820 706.562 688.553 682.900 676.344 665.899 652.862 634.892 621.772 607.601 599.451 596.412 595.788 595.360 595.783 592.602 589.757 591.512 591.643 600.756 602.927 591.139 590.479 591.016 589.119 589.872 590.236 590.123 591.025 591.921 595.055 603.746
830.110 825.086 829.543 830.124 829.642 828.540 826.134 823.700 823.182 822.341 821.258 817.696 815.347 812.311 806.956 803.619 781.519 771.983 756.273 737.392 721.244 712.282 706.429 695.298 685.629 668.213 667.343 664.059 686.207 701.667 706.938 699.334 695.296 683.740 668.922 663.501 653.182 644.401 630.341 614.120 602.070 596.701 591.253 591.187 591.324 591.485 589.607 585.819 583.519 587.656 589.296 588.907 585.148 586.481 587.729 588.639 589.000 588.474 586.779 590.308 591.716 592.804 597.314
823.921 816.759 822.149 825.463 825.199 824.648 822.313 819.988 819.162 815.908 809.705 799.786 810.751 806.601 791.165 765.562 766.052 755.582 747.185 735.391 717.398 702.493 696.860 693.660 685.707 664.504 654.829 661.422 673.174 690.063 695.107 688.021 680.342 671.426 660.615 651.262 643.584 633.737 623.053 608.252 598.323 588.468 585.642 586.822 586.407 586.377 583.823 582.802 583.262 583.091 583.772 584.533 585.663 587.307 587.536 588.132 585.893 585.551 588.672 589.319 590.133 590.384 597.326
818.687 810.815 815.221 819.506 820.239 818.133 815.845 815.962 811.247 774.928 772.607 772.340 807.909 781.947 764.324 745.786 743.592 740.698 733.953 725.283 708.203 693.328 684.618 685.538 676.564 657.525 645.194 642.477 658.475 675.169 677.501 675.616 666.861 657.258 648.784 643.448 635.192 626.552 614.090 604.000 594.027 586.930 582.150 583.614 584.315 582.472 582.410 581.655 581.753 582.251 583.135 584.426 585.388 585.307 586.252 585.614 581.668 587.438 587.868 588.628 588.746 588.909 590.561
810.762 805.376 805.121 811.561 812.971 812.564 813.082 812.381 776.727 773.890 771.081 771.114 781.519 771.117 750.457 736.217 728.613 727.338 717.668 713.828 702.717 687.030 679.709 673.048 670.055 653.618 638.024 633.337 648.724 658.200 659.307 657.336 652.833 647.167 635.901 635.598 628.610 619.518 609.811 599.579 590.059 585.370 580.281 579.130 579.107 578.992 578.897 577.763 576.942 576.449 580.131 584.375 584.908 585.009 585.004 581.839 581.071 586.370 586.813 587.441 587.075 586.909 588.138
801.233 801.228 798.874 803.548 808.056 810.292 808.345 804.028 778.360 770.797 770.105 769.811 763.673 754.614 744.844 724.003 706.254 708.737 706.094 701.528 694.966 680.485 669.827 664.752 654.374 647.993 634.892 630.471 648.160 648.427 648.094 638.612 638.054 635.588 629.828 626.681 620.810 615.979 606.401 594.834 590.220 582.590 576.059 574.601 572.955 574.530 572.544 571.172 572.353 573.895 574.631 578.518 583.208 584.050 585.031 583.189 580.450 584.110 585.878 586.982 585.484 585.299 586.997
789.365 791.871 790.845 796.260 805.928 803.671 799.112 795.266 782.727 771.607 768.547 765.935 750.084 736.139 734.751 722.188 703.251 685.724 692.352 687.945 682.279 671.066 666.186 662.329 653.090 640.324 631.617 624.558 647.945 648.413 648.476 634.680 623.866 623.182 619.665 615.863 614.499 607.412 598.737 594.417 586.803 574.593 573.323 572.494 571.939 571.665 571.529 570.987 571.007 571.592 573.938 574.372 577.902 582.145 582.208 577.664 578.864 580.687 581.979 583.856 584.472 584.281 584.666
