session4/DEM.asc
NCOLS 202
NROWS 265
XLLCORNER 76145.0000000000
YLLCORNER 235675.0000000000
CELLSIZE 30.000000
NODATA_VALUE -99999.000
[rows 28 to 55 of 265, columns 63 to 125 of 202]
2323.400 2299.999 2259.390 2211.651 2171.970 2186.985 2187.098 2143.198 2101.188 2086.344 2072.375 2063.683 2042.999 2035.023 2015.890 2004.134 1971.248 1954.809 1949.654 1942.174 1940.584 1952.660 1950.484 1951.295 1968.914 1988.970 2009.708 2038.754 2058.826 2112.562 2143.672 2187.219 2244.894 2258.592 2208.096 2211.999 2200.738 2114.219 2100.404 2091.464 2031.720 1999.902 1984.982 1971.050 1976.322 1984.208 1981.035 1966.552 1957.423 1954.012 1951.930 1947.252 1946.725 1942.670 1939.520 1939.826 1945.324 1952.980 1954.697 1954.927 1958.540 1959.541 1964.795
2358.471 2329.321 2280.650 2233.786 2200.485 2219.929 2225.756 2178.266 2145.474 2135.007 2121.569 2119.388 2098.660 2077.950 2062.719 2046.555 2000.285 1978.507 1970.202 1959.325 1949.997 1957.135 1961.947 1953.264 1967.143 1986.659 2007.076 2026.435 2048.263 2099.895 2143.933 2183.858 2249.265 2212.994 2247.782 2216.140 2181.839 2140.382 2110.678 2081.937 2041.882 2014.092 1996.077 1982.432 1990.606 1998.979 1996.707 1977.281 1962.916 1964.682 1966.584 1966.507 1968.247 1962.082 1961.195 1961.997 1963.457 1974.253 1978.521 1978.724 1975.988 1969.085 1975.475
2392.078 2352.545 2296.822 2253.365 2226.887 2259.755 2229.793 2205.086 2176.783 2146.317 2161.340 2152.270 2121.745 2104.148 2094.942 2086.335 2060.114 2011.844 1987.745 1978.899 1964.741 1967.481 1966.548 1964.362 1966.332 1984.456 2004.508 2025.187 2045.825 2082.506 2147.268 2167.302 2221.642 2242.023 2251.671 2211.169 2169.740 2143.784 2093.280 2069.703 2041.111 2020.482 2001.313 1992.760 1996.496 2003.557 2003.674 1985.798 1982.144 1984.352 1987.529 1994.725 1991.463 1999.438 1994.364 1983.067 1980.260 1992.571 1999.492 2000.997 1992.508 1984.023 1986.979
2394.236 2375.013 2321.458 2279.194 2282.272 2278.757 2241.464 2211.061 2190.500 2179.735 2186.359 2171.466 2151.071 2188.932 2185.097 2134.141 2124.340 2039.714 2017.395 1995.090 1978.967 1975.294 1976.358 1975.421 1968.202 1980.017 1999.650 2018.355 2037.975 2077.067 2181.105 2205.600 2235.764 2242.568 2230.915 2233.164 2189.206 2130.617 2080.491 2059.587 2039.043 2019.802 2002.863 1998.199 2001.268 2010.893 2008.829 1996.090 2002.845 2006.152 2017.693 2034.073 2057.749 2058.393 2021.311 2003.480 1997.266 2011.889 2015.773 2010.077 2001.331 1999.961 1999.006
2376.942 2383.714 2361.855 2305.969 2300.161 2279.176 2257.047 2230.699 2214.927 2213.846 2214.116 2194.186 2224.539 2234.417 2197.471 2152.887 2125.638 2064.138 2025.880 2008.437 1992.940 1989.349 1986.240 1983.423 1979.828 1980.657 1999.213 2019.558 2040.787 2094.420 2157.479 2209.146 2239.712 2249.377 2262.693 2247.426 2166.856 2112.025 2074.209 2052.418 2032.437 2012.925 2000.488 2002.430 2007.396 2019.378 2021.059 2019.355 2023.330 2038.840 2092.635 2111.849 2107.762 2071.952 2042.521 2026.642 2017.621 2019.743 2016.508 2013.006 2006.977 2005.355 2006.256
2347.566 2371.800 2360.756 2333.407 2337.364 2306.916 2301.621 2289.054 2252.523 2246.705 2258.615 2228.234 2240.658 2230.875 2195.254 2170.123 2102.360 2066.842 2037.137 2017.098 2004.823 1998.078 1988.822 1986.424 1980.841 1985.267 2003.512 2024.371 2045.451 2088.445 2141.198 2180.960 2229.437 2219.375 2245.168 2230.109 2173.624 2104.369 2057.483 2043.067 2023.672 2007.694 2011.506 2011.808 2024.213 2039.840 2041.282 2030.535 2039.980 2062.025 2097.444 2119.771 2111.439 2086.272 2063.052 2043.044 2022.595 2019.878 2012.331 2010.609 2006.333 2006.094 2011.542
2344.570 2349.972 2351.694 2341.073 2349.360 2346.678 2328.343 2310.548 2293.664 2275.635 2284.011 2263.810 2255.113 2247.282 2217.249 2151.008 2086.412 2060.461 2039.327 2020.212 2005.508 1998.167 1989.372 1986.623 1984.126 1995.063 2007.018 2025.128 2045.676 2115.188 2153.446 2200.125 2226.612 2215.000 2221.552 2208.619 2139.489 2074.710 2053.670 2036.285 2023.366 2017.238 2019.351 2024.141 2036.312 2048.308 2049.678 2043.225 2053.729 2073.466 2103.820 2118.387 2110.038 2090.459 2065.945 2043.576 2023.190 2013.903 2005.490 2003.580 1996.983 2004.598 2011.691
2286.395 2294.461 2314.067 2323.566 2335.720 2346.642 2353.951 2335.463 2318.672 2306.677 2306.983 2295.344 2272.629 2242.884 2201.273 2138.359 2092.653 2061.250 2039.336 2018.923 2005.458 1998.253 1991.571 1992.490 1995.135 2008.766 2022.361 2033.816 2047.541 2143.924 2182.466 2209.804 2227.360 2207.136 2188.518 2163.945 2106.203 2081.906 2060.993 2041.850 2026.106 2028.192 2031.716 2035.560 2040.201 2050.949 2055.815 2051.444 2057.654 2077.851 2117.198 2121.119 2112.755 2097.831 2073.759 2052.517 2035.528 2029.949 2016.868 2006.130 1999.470 2002.467 2010.109
2265.243 2258.863 2283.331 2299.612 2311.066 2334.359 2352.698 2352.820 2326.355 2317.406 2308.403 2291.915 2256.641 2231.988 2197.750 2184.389 2068.712 2052.850 2035.893 2018.738 2010.546 2007.135 2007.018 2003.850 2005.607 2021.275 2038.245 2052.688 2063.165 2125.846 2191.658 2218.388 2227.081 2208.105 2162.223 2125.134 2103.693 2082.303 2061.228 2042.418 2025.060 2032.437 2034.415 2038.637 2041.526 2048.615 2056.009 2055.221 2063.737 2082.641 2130.875 2138.409 2122.997 2100.489 2082.330 2062.570 2050.277 2039.935 2027.133 2014.115 2006.441 2007.563 2013.890
2238.769 2253.125 2272.830 2298.214 2315.257 2342.075 2359.625 2347.035 2317.494 2290.523 2279.771 2265.230 2238.801 2237.742 2185.426 2099.295 2080.261 2060.498 2042.683 2027.069 2023.266 2022.656 2018.630 2015.958 2024.199 2038.729 2050.728 2068.896 2081.387 2161.877 2193.209 2215.560 2220.777 2185.570 2156.411 2118.379 2096.943 2076.729 2058.213 2038.286 2024.430 2033.766 2033.703 2034.586 2036.732 2042.242 2052.869 2058.398 2075.205 2093.513 2143.853 2156.047 2128.898 2108.072 2089.291 2070.057 2061.755 2051.902 2041.502 2029.461 2025.255 2020.388 2027.229
2248.813 2256.763 2266.084 2290.143 2309.481 2329.421 2350.215 2330.679 2307.084 2274.925 2258.795 2237.382 2202.825 2210.779 2126.491 2105.524 2085.047 2066.103 2048.389 2038.399 2035.346 2033.438 2028.273 2031.330 2035.584 2048.419 2061.954 2078.412 2098.909 2151.066 2165.172 2195.188 2195.218 2175.983 2147.921 2116.623 2094.834 2074.083 2054.740 2037.574 2025.601 2030.632 2034.247 2033.052 2038.735 2048.761 2057.298 2067.291 2084.235 2104.510 2138.829 2158.944 2135.172 2117.125 2102.608 2087.987 2076.836 2063.927 2052.209 2045.022 2043.025 2039.434 2045.332
2195.294 2225.344 2261.435 2288.554 2310.995 2329.065 2340.179 2321.088 2289.705 2249.100 2239.046 2204.449 2182.230 2151.336 2130.161 2109.540 2089.493 2070.152 2056.551 2048.500 2047.273 2041.512 2043.113 2047.482 2045.280 2054.901 2070.631 2089.213 2108.372 2145.399 2181.757 2223.458 2231.875 2189.142 2143.507 2115.031 2094.087 2073.613 2054.134 2037.339 2029.794 2035.193 2038.638 2043.717 2046.963 2055.008 2065.346 2077.825 2094.916 2116.313 2156.566 2164.800 2145.993 2127.137 2115.419 2102.875 2091.216 2074.738 2063.859 2059.931 2056.652 2050.865 2051.586
2219.948 2220.247 2233.800 2290.138 2322.217 2331.436 2330.839 2327.649 2289.239 2236.041 2215.701 2194.431 2172.805 2151.835 2131.130 2110.565 2090.710 2075.740 2064.795 2056.962 2055.142 2053.282 2055.762 2056.937 2054.989 2062.727 2076.605 2095.637 2116.763 2149.197 2195.048 2229.223 2242.934 2226.104 2134.278 2112.023 2091.112 2072.324 2055.263 2043.870 2040.846 2045.563 2048.898 2050.092 2060.026 2067.392 2079.087 2091.820 2108.069 2140.454 2180.749 2182.364 2166.894 2145.976 2129.763 2120.828 2103.175 2089.353 2080.823 2077.234 2071.231 2061.467 2056.137
2209.351 2260.287 2270.885 2319.735 2355.231 2337.250 2293.679 2277.250 2264.831 2236.286 2206.961 2186.915 2168.241 2148.681 2128.850 2111.080 2096.896 2085.213 2072.800 2065.226 2062.169 2062.479 2065.793 2068.178 2071.832 2076.027 2086.450 2104.634 2124.719 2177.914 2215.016 2245.854 2253.067 2226.143 2142.590 2116.156 2094.028 2073.518 2061.435 2054.470 2049.515 2052.901 2057.667 2061.386 2069.643 2079.081 2095.141 2105.870 2121.487 2173.366 2199.638 2201.226 2189.723 2185.573 2151.562 2151.870 2130.928 2109.452 2099.414 2094.064 2083.403 2071.502 2068.462
2204.170 2237.020 2282.379 2309.670 2342.110 2344.710 2312.205 2272.011 2245.698 2223.230 2201.927 2181.271 2162.745 2146.714 2132.607 2119.089 2105.971 2094.094 2084.134 2077.427 2077.590 2076.438 2078.979 2083.902 2090.857 2096.338 2098.318 2112.079 2135.727 2184.745 2222.940 2259.376 2267.434 2237.170 2177.607 2118.306 2097.620 2081.184 2071.283 2063.845 2057.941 2059.980 2067.741 2075.606 2084.316 2092.231 2106.053 2125.177 2163.782 2203.888 2224.854 2222.754 2214.771 2197.102 2185.805 2179.881 2168.982 2146.303 2120.805 2109.178 2092.990 2080.301 2075.554
2212.481 2251.146 2282.805 2318.684 2353.016 2368.959 2329.345 2287.334 2258.048 2229.970 2202.521 2182.967 2166.816 2154.775 2143.663 2133.078 2119.385 2107.208 2097.378 2095.930 2097.147 2095.264 2094.527 2100.566 2110.486 2118.264 2119.725 2127.160 2195.789 2217.019 2223.544 2269.845 2275.854 2248.147 2209.065 2129.499 2108.451 2095.082 2083.993 2075.293 2069.062 2071.082 2077.139 2087.618 2096.785 2110.470 2132.973 2149.878 2180.541 2216.494 2238.791 2246.836 2245.182 2225.660 2223.364 2218.797 2196.476 2171.197 2139.031 2121.470 2101.297 2093.079 2087.902
2233.575 2265.232 2279.384 2331.056 2382.168 2387.808 2341.888 2309.885 2273.107 2233.992 2209.470 2192.066 2179.392 2169.018 2160.428 2148.005 2133.808 2123.434 2114.848 2115.850 2117.755 2115.468 2113.308 2116.156 2129.156 2139.971 2141.856 2170.215 2215.525 2243.724 2250.529 2262.541 2285.543 2260.860 2219.729 2163.524 2125.072 2112.114 2098.546 2087.056 2080.125 2078.859 2090.427 2099.013 2111.589 2123.043 2143.494 2164.073 2191.971 2222.372 2265.930 2275.243 2270.373 2248.102 2249.939 2232.853 2223.593 2170.296 2166.764 2144.208 2119.294 2111.399 2105.038
2239.206 2271.878 2299.525 2331.590 2363.602 2384.709 2353.166 2313.800 2272.898 2239.300 2220.464 2205.624 2194.496 2187.792 2178.185 2163.864 2151.483 2142.486 2133.697 2136.758 2138.881 2136.565 2134.239 2134.816 2145.024 2161.029 2186.262 2225.800 2254.757 2268.618 2299.717 2305.792 2304.522 2274.177 2220.607 2180.073 2142.368 2127.868 2112.395 2099.267 2091.167 2090.730 2098.726 2108.516 2123.940 2138.698 2155.711 2178.896 2213.499 2242.973 2277.642 2290.446 2281.089 2277.668 2273.270 2264.416 2232.475 2200.365 2191.658 2168.150 2144.313 2133.449 2125.676
2234.753 2282.633 2309.957 2330.562 2377.284 2403.275 2368.698 2317.993 2283.813 2251.762 2234.390 2221.156 2213.218 2207.284 2194.914 2179.033 2171.406 2161.994 2154.367 2158.722 2160.529 2158.641 2155.773 2156.973 2163.974 2176.152 2191.538 2226.950 2273.270 2295.525 2323.167 2328.050 2311.442 2255.426 2214.650 2179.904 2158.957 2140.855 2123.111 2111.077 2104.347 2099.199 2108.167 2120.061 2135.821 2152.478 2168.969 2205.726 2248.026 2272.680 2293.141 2311.005 2300.474 2299.391 2276.676 2272.944 2221.978 2221.583 2200.016 2165.856 2157.965 2156.761 2149.231
2283.024 2298.200 2328.605 2354.406 2383.750 2404.390 2379.359 2326.504 2293.682 2265.591 2250.525 2237.405 2234.162 2225.892 2209.809 2198.825 2191.580 2194.939 2199.513 2188.990 2189.475 2180.109 2178.772 2211.248 2218.131 2222.189 2221.817 2225.123 2278.040 2303.665 2335.032 2347.715 2301.413 2258.697 2216.471 2191.886 2170.809 2149.813 2136.842 2126.191 2122.987 2118.417 2123.287 2134.960 2148.867 2168.506 2188.363 2214.044 2253.589 2280.516 2316.773 2327.613 2321.760 2303.629 2272.507 2249.380 2245.505 2227.673 2199.451 2177.085 2169.638 2174.812 2174.407
2322.416 2344.805 2351.581 2367.155 2395.305 2413.381 2383.525 2335.720 2300.233 2281.827 2289.688 2290.317 2255.328 2273.009 2256.241 2232.211 2248.072 2239.541 2228.035 2218.650 2209.692 2210.563 2245.071 2245.338 2270.090 2279.445 2291.835 2312.378 2303.017 2294.719 2331.309 2353.062 2333.844 2266.572 2232.922 2204.005 2186.148 2166.542 2154.879 2145.729 2145.034 2137.569 2139.928 2153.819 2174.035 2191.237 2207.898 2227.915 2249.495 2279.354 2309.750 2322.009 2319.278 2304.072 2284.010 2274.774 2255.931 2234.775 2207.558 2192.089 2188.034 2199.152 2210.821
2361.573 2378.185 2393.060 2403.513 2407.604 2430.507 2382.892 2345.843 2314.026 2323.035 2345.800 2315.422 2280.026 2318.602 2305.785 2298.338 2295.055 2285.739 2274.327 2263.747 2277.234 2287.755 2293.897 2302.744 2309.315 2317.562 2335.275 2336.525 2353.238 2344.289 2367.416 2364.793 2339.337 2267.822 2250.392 2219.247 2204.345 2188.986 2173.262 2169.432 2167.044 2167.155 2203.855 2213.574 2206.224 2242.279 2257.011 2252.476 2279.276 2303.521 2311.550 2319.356 2319.304 2317.888 2313.154 2298.732 2273.674 2249.188 2222.646 2209.822 2212.122 2229.791 2238.840
2394.604 2409.395 2427.409 2431.461 2442.791 2439.580 2391.139 2347.470 2331.743 2360.912 2363.139 2322.139 2358.640 2357.139 2331.779 2341.366 2333.034 2321.372 2314.505 2314.988 2318.136 2325.551 2327.410 2339.174 2338.283 2355.512 2361.642 2368.610 2384.621 2383.505 2378.684 2359.126 2323.531 2302.036 2293.907 2270.758 2230.916 2224.701 2225.889 2210.689 2227.725 2232.234 2245.518 2241.574 2242.585 2259.716 2273.127 2284.763 2283.227 2304.246 2315.181 2325.502 2332.588 2332.382 2324.863 2309.175 2292.916 2263.666 2245.782 2236.912 2239.577 2261.787 2267.369
2439.746 2448.777 2468.882 2469.864 2467.763 2459.907 2400.681 2362.992 2365.941 2386.043 2405.679 2402.755 2401.695 2376.282 2386.627 2376.906 2367.167 2355.300 2348.814 2358.598 2355.290 2361.194 2369.865 2375.734 2380.912 2392.666 2391.107 2396.636 2389.276 2370.101 2353.887 2333.824 2320.909 2328.161 2325.828 2309.533 2286.365 2270.406 2261.653 2280.199 2277.739 2275.580 2262.987 2252.150 2251.824 2269.760 2281.827 2285.213 2288.515 2299.917 2311.354 2318.541 2325.643 2333.472 2326.409 2315.722 2299.622 2273.743 2272.073 2255.400 2257.481 2264.919 2270.618
2441.937 2458.375 2468.096 2478.868 2476.780 2454.946 2399.849 2387.606 2413.091 2428.498 2440.615 2443.824 2428.064 2410.034 2411.574 2404.410 2400.929 2392.176 2406.084 2404.579 2392.215 2393.797 2406.322 2415.348 2423.660 2427.614 2413.606 2396.907 2367.556 2339.873 2311.948 2316.271 2321.445 2341.791 2342.035 2333.289 2314.355 2300.624 2303.938 2301.733 2293.653 2282.920 2278.076 2268.083 2268.452 2280.235 2281.416 2280.718 2284.894 2286.284 2283.827 2289.008 2292.453 2300.295 2308.995 2307.204 2299.773 2284.476 2272.073 2251.925 2236.361 2236.814 2232.068
2409.591 2431.363 2449.231 2464.009 2453.243 2447.201 2444.885 2413.792 2426.554 2431.738 2439.936 2428.062 2425.269 2413.022 2413.668 2416.350 2416.862 2418.027 2434.064 2422.659 2412.657 2416.855 2422.176 2431.536 2425.116 2421.351 2404.413 2377.610 2359.739 2339.755 2321.816 2280.419 2285.794 2322.469 2346.339 2350.843 2341.008 2320.208 2307.670 2292.084 2286.489 2295.982 2293.066 2280.724 2278.986 2280.542 2281.067 2279.638 2277.531 2264.752 2262.211 2264.697 2274.115 2279.201 2291.405 2285.996 2275.737 2272.589 2254.375 2238.308 2221.328 2210.925 2209.027
2392.141 2410.670 2433.444 2440.054 2429.399 2426.577 2422.839 2404.766 2400.221 2414.004 2410.162 2402.746 2401.611 2385.626 2398.003 2392.379 2410.726 2406.410 2409.516 2405.950 2395.119 2400.881 2413.939 2417.071 2405.757 2376.485 2353.153 2356.836 2354.908 2330.924 2318.133 2280.219 2256.046 2289.148 2314.104 2328.565 2316.182 2274.799 2284.290 2292.240 2293.640 2295.127 2288.313 2288.603 2272.908 2258.473 2274.957 2272.122 2263.500 2248.066 2237.995 2240.928 2246.826 2257.827 2271.264 2268.791 2250.790 2246.559 2232.763 2215.241 2199.833 2183.078 2194.649
2377.572 2391.495 2413.988 2415.120 2396.499 2397.285 2396.561 2375.082 2375.905 2392.291 2389.156 2382.598 2375.943 2366.773 2366.816 2368.352 2372.385 2378.772 2375.122 2374.583 2360.200 2373.480 2381.356 2383.186 2372.127 2355.734 2319.709 2313.471 2313.510 2297.610 2285.745 2260.319 2230.058 2253.511 2285.030 2267.822 2238.126 2250.914 2274.621 2289.530 2283.706 2282.098 2268.357 2254.875 2248.819 2238.260 2255.576 2260.668 2239.734 2227.393 2217.045 2215.042 2223.459 2234.985 2248.810 2244.735 2236.081 2218.536 2209.346 2190.650 2175.656 2170.835 2148.306
