session4/DEM.asc
NCOLS 202
NROWS 265
XLLCORNER 76145.0000000000
YLLCORNER 235675.0000000000
CELLSIZE 30.000000
NODATA_VALUE -99999.000
[rows 196 to 223 of 265, columns 126 to 188 of 202]
627.394 619.176 602.761 594.717 589.522 585.660 583.195 579.785 575.065 574.571 574.037 573.772 573.805 573.758 569.113 568.278 573.032 573.936 574.080 574.012 574.094 573.486 574.135 573.344 573.829 573.549 573.257 575.086 574.212 574.067 574.413 573.887 574.394 574.475 574.438 573.552 573.513 573.637 573.653 573.574 573.750 573.647 573.321 573.260 573.124 573.200 573.146 573.974 574.465 574.467 574.291 573.363 572.936 572.963 -99999.000 -99999.000 -99999.000 -99999.000 -99999.000 -99999.000 -99999.000 -99999.000 -99999.000
612.980 601.842 590.964 587.539 584.846 581.249 579.539 575.939 574.339 574.557 573.462 573.393 573.247 573.451 568.360 571.791 573.165 573.885 573.952 573.549 573.742 573.813 573.372 573.389 573.568 573.612 573.783 574.242 574.689 574.772 574.675 574.734 574.604 574.612 574.271 574.288 573.307 573.279 573.378 573.710 574.366 574.339 574.291 573.832 574.061 573.494 573.647 574.383 574.514 574.543 573.868 573.448 573.102 573.268 -99999.000 -99999.000 -99999.000 -99999.000 -99999.000 -99999.000 -99999.000 -99999.000 -99999.000
610.750 591.600 587.382 585.746 581.850 578.653 574.257 574.184 574.369 574.130 573.402 573.511 573.350 569.785 568.414 573.612 573.664 573.241 573.268 573.459 573.522 573.634 573.611 573.587 573.716 573.949 574.154 574.441 574.647 574.602 574.672 575.102 575.114 574.639 574.476 574.961 575.091 575.012 574.772 573.663 574.760 574.206 573.754 573.604 574.451 574.591 573.975 573.906 573.653 573.840 573.601 573.525 573.486 -99999.000 -99999.000 -99999.000 -99999.000 -99999.000 -99999.000 -99999.000 -99999.000 -99999.000 -99999.000
603.393 589.017 586.388 585.088 583.579 577.417 573.339 573.581 573.726 573.626 573.429 573.456 572.890 568.526 571.210 573.503 573.622 572.838 572.549 572.908 572.671 572.627 572.748 572.914 573.336 573.111 573.083 574.476 574.470 574.508 574.751 574.822 574.759 575.203 574.606 574.639 575.027 575.012 574.492 573.854 574.336 574.533 574.170 575.380 576.004 574.065 574.337 574.230 574.230 574.086 573.884 573.840 573.369 -99999.000 -99999.000 -99999.000 -99999.000 -99999.000 -99999.000 -99999.000 -99999.000 -99999.000 -99999.000
597.528 588.691 586.313 584.606 584.190 576.233 573.925 573.410 573.211 573.214 573.148 573.263 569.966 568.499 573.164 573.683 573.746 573.056 573.097 572.987 572.718 573.012 572.865 572.908 573.290 573.200 573.549 574.523 574.884 575.032 575.583 575.380 574.892 574.753 574.339 574.176 574.214 574.100 574.026 574.032 573.988 573.995 573.919 576.359 574.271 574.100 574.132 574.277 574.323 574.421 574.737 574.925 574.253 -99999.000 -99999.000 -99999.000 -99999.000 -99999.000 -99999.000 -99999.000 -99999.000 -99999.000 -99999.000
593.508 589.034 587.389 586.452 584.663 574.410 573.476 573.307 573.077 573.159 573.205 572.999 568.510 571.682 573.374 573.653 573.690 573.393 573.543 572.974 572.911 572.944 572.829 573.489 573.808 573.641 573.928 574.664 574.743 574.991 575.340 574.934 575.305 574.830 574.018 573.966 573.955 573.961 573.961 574.274 574.318 574.091 574.424 574.369 574.342 574.244 574.170 574.222 573.892 574.595 574.783 575.021 574.291 -99999.000 -99999.000 -99999.000 -99999.000 -99999.000 -99999.000 -99999.000 -99999.000 -99999.000 -99999.000
592.977 590.089 588.978 586.979 585.353 574.415 573.276 573.132 573.214 572.799 573.020 569.957 568.548 573.295 573.470 573.719 573.691 573.429 573.601 573.121 573.260 573.348 573.083 573.622 574.037 574.053 574.094 574.895 574.917 574.873 574.912 575.233 575.222 574.849 574.787 574.887 574.083 574.283 574.279 574.343 574.381 574.050 573.998 573.944 574.291 574.291 573.914 574.601 575.127 574.481 574.067 573.764 573.669 -99999.000 -99999.000 -99999.000 -99999.000 -99999.000 -99999.000 -99999.000 -99999.000 -99999.000 -99999.000
593.012 590.684 589.313 586.846 585.762 573.652 573.489 573.263 573.453 573.489 573.108 568.523 572.053 573.344 573.626 573.909 574.198 573.350 573.587 573.634 573.780 573.516 573.393 574.674 574.110 574.059 574.217 575.108 575.015 574.904 575.053 575.500 575.203 575.021 574.948 574.948 574.934 574.901 574.794 574.364 574.484 574.331 574.242 574.163 574.167 574.059 574.080 574.549 573.522 574.686 573.776 573.628 573.568 -99999.000 -99999.000 -99999.000 -99999.000 -99999.000 -99999.000 -99999.000 -99999.000 -99999.000 -99999.000
593.492 591.390 588.370 586.909 582.730 573.681 573.279 573.317 573.547 573.482 568.940 568.529 573.566 574.041 574.223 574.128 574.252 573.768 573.860 573.737 573.460 573.726 573.661 574.519 574.330 574.073 574.787 575.100 574.782 574.736 574.722 574.847 575.181 574.976 574.976 574.991 574.980 574.925 574.678 574.728 574.684 574.542 574.418 574.654 574.151 574.102 573.842 574.980 571.577 575.155 574.469 573.473 573.330 -99999.000 -99999.000 -99999.000 -99999.000 -99999.000 -99999.000 -99999.000 -99999.000 -99999.000 -99999.000
593.031 590.868 588.217 587.606 577.456 573.334 573.155 573.242 573.561 573.132 568.590 573.593 573.956 574.321 574.473 573.414 574.027 573.806 574.252 573.911 573.810 573.671 573.787 575.151 574.524 574.353 575.069 575.359 575.650 575.123 575.155 573.953 574.995 575.044 574.985 575.008 574.980 574.934 574.980 575.109 574.865 574.837 574.631 574.722 574.122 574.073 574.090 575.271 571.619 575.206 574.473 573.755 573.720 -99999.000 -99999.000 -99999.000 -99999.000 -99999.000 -99999.000 -99999.000 -99999.000 -99999.000 -99999.000
592.059 589.848 588.511 587.503 575.469 573.077 573.094 573.557 573.524 568.720 568.636 574.210 574.662 574.949 575.018 574.616 574.233 574.376 574.096 574.031 574.216 574.307 574.625 575.382 574.911 574.732 575.355 575.460 575.368 575.189 575.243 575.239 575.138 574.966 574.966 574.944 574.879 575.069 575.258 575.073 575.700 575.082 574.755 574.898 574.372 574.164 574.031 575.345 571.892 575.115 574.488 573.709 573.846 -99999.000 -99999.000 -99999.000 -99999.000 -99999.000 -99999.000 -99999.000 -99999.000 -99999.000 -99999.000
591.639 589.909 588.450 584.179 575.755 572.919 573.791 573.635 571.113 568.678 574.122 574.570 574.995 575.060 575.069 574.856 574.427 574.473 573.995 574.184 574.437 574.147 574.456 575.521 575.479 575.309 575.603 575.936 575.547 575.862 575.727 575.321 575.294 575.096 575.041 575.044 575.100 575.410 575.294 575.599 575.816 575.180 574.883 574.888 574.728 574.313 573.970 575.570 575.326 575.304 574.677 574.164 -99999.000 -99999.000 -99999.000 -99999.000 -99999.000 -99999.000 -99999.000 -99999.000 -99999.000 -99999.000 -99999.000
588.869 588.279 587.532 579.134 575.774 573.840 574.031 573.837 568.747 569.779 574.113 574.599 574.991 575.077 575.082 574.639 574.631 574.709 574.561 574.703 575.216 575.258 575.229 575.673 575.751 575.650 575.650 575.833 575.736 575.700 575.856 575.654 575.475 575.313 575.142 575.170 575.378 575.534 575.437 575.069 575.142 575.041 574.902 574.764 574.917 574.639 574.164 575.486 575.410 575.008 574.021 574.330 -99999.000 -99999.000 -99999.000 -99999.000 -99999.000 -99999.000 -99999.000 -99999.000 -99999.000 -99999.000 -99999.000
587.756 587.401 585.578 575.464 573.875 573.888 574.201 569.711 568.766 574.109 574.340 574.593 574.814 575.100 575.142 574.740 574.957 574.898 574.921 575.050 575.410 574.966 574.902 575.561 575.658 575.603 576.045 575.566 575.580 575.530 575.433 575.820 575.913 576.540 575.368 575.806 575.681 575.404 575.452 575.359 575.220 574.966 575.018 575.022 575.713 574.875 575.547 574.372 575.483 574.648 574.759 574.648 -99999.000 -99999.000 -99999.000 -99999.000 -99999.000 -99999.000 -99999.000 -99999.000 -99999.000 -99999.000 -99999.000
586.969 586.272 583.782 573.961 574.128 574.096 574.027 568.863 574.155 573.961 573.778 574.326 574.502 574.564 574.888 574.654 575.161 575.142 574.703 575.105 575.843 575.925 575.759 575.778 575.745 575.985 576.096 576.125 575.846 575.681 575.368 575.839 575.917 576.258 575.709 576.374 575.732 575.625 575.599 575.424 575.401 575.313 575.313 575.041 576.245 577.401 575.879 575.469 575.229 574.991 574.894 575.083 -99999.000 -99999.000 -99999.000 -99999.000 -99999.000 -99999.000 -99999.000 -99999.000 -99999.000 -99999.000 -99999.000
586.021 586.049 579.805 573.566 574.709 574.418 568.909 569.211 574.090 573.652 573.778 574.183 574.359 574.778 574.580 574.648 575.787 575.418 574.580 575.372 575.898 576.067 576.151 576.188 576.157 576.174 576.106 576.216 576.067 575.713 575.704 576.128 576.780 576.687 576.387 576.300 576.079 576.027 575.746 575.502 575.271 575.345 575.275 575.359 576.667 577.098 575.100 576.599 576.170 575.391 575.197 574.473 -99999.000 -99999.000 -99999.000 -99999.000 -99999.000 -99999.000 -99999.000 -99999.000 -99999.000 -99999.000 -99999.000
585.305 584.906 576.074 574.957 574.644 570.452 568.996 574.248 574.216 573.681 573.675 574.136 574.639 574.759 574.700 575.014 575.963 575.382 575.770 575.774 575.940 576.138 576.359 576.332 576.359 576.300 576.475 576.528 577.037 576.820 576.955 576.968 576.696 576.466 576.014 576.391 575.966 576.041 575.618 575.418 575.395 575.515 575.378 576.207 574.898 575.681 575.576 574.972 575.105 575.285 575.193 575.313 -99999.000 -99999.000 -99999.000 -99999.000 -99999.000 -99999.000 -99999.000 -99999.000 -99999.000 -99999.000 -99999.000
580.613 578.774 575.508 575.225 574.565 569.069 570.513 574.376 574.294 576.041 573.736 574.382 574.848 574.911 574.940 575.304 575.856 575.959 576.008 576.268 576.157 576.262 576.452 576.654 576.761 576.618 576.045 576.719 576.664 577.092 577.153 576.913 576.812 576.239 576.304 576.351 576.125 576.111 575.871 575.759 575.401 576.037 576.313 576.374 575.765 575.631 575.765 575.212 575.128 575.119 575.206 575.229 -99999.000 -99999.000 -99999.000 -99999.000 -99999.000 -99999.000 -99999.000 -99999.000 -99999.000 -99999.000 -99999.000
576.504 573.886 574.654 575.391 569.360 569.084 574.279 574.027 573.833 576.927 573.921 574.229 574.768 575.077 575.252 575.498 575.742 575.816 575.991 576.128 575.982 576.729 576.673 576.921 576.780 576.719 576.313 576.271 576.300 577.456 578.780 576.881 576.768 576.313 576.281 576.351 576.254 576.134 576.147 576.063 576.005 576.096 576.405 575.414 575.995 575.658 575.622 575.355 574.865 575.018 575.304 575.378 -99999.000 -99999.000 -99999.000 -99999.000 -99999.000 -99999.000 -99999.000 -99999.000 -99999.000 -99999.000 -99999.000
573.446 573.773 574.226 569.499 569.882 575.031 574.557 573.629 573.557 573.612 573.709 574.067 574.519 575.014 575.418 575.681 575.686 576.086 575.561 575.852 576.494 576.645 576.888 576.797 577.005 576.913 577.009 577.410 577.728 577.931 578.767 578.435 576.888 576.460 576.378 576.529 576.488 576.433 576.151 575.930 576.079 577.110 576.119 577.083 575.784 575.894 575.839 575.155 574.751 575.031 575.203 575.839 -99999.000 -99999.000 -99999.000 -99999.000 -99999.000 -99999.000 -99999.000 -99999.000 -99999.000 -99999.000 -99999.000
574.313 570.541 569.554 569.730 574.488 575.041 574.593 574.201 573.781 573.892 573.879 574.073 574.210 574.829 575.479 575.681 575.690 576.124 576.235 576.340 576.955 577.235 577.041 576.793 577.047 577.087 577.268 577.656 577.930 577.894 577.622 576.586 576.586 576.881 576.755 576.506 576.317 576.420 576.193 576.332 576.460 576.608 576.258 576.898 576.862 576.687 576.812 575.037 575.189 575.290 575.235 576.738 -99999.000 -99999.000 -99999.000 -99999.000 -99999.000 -99999.000 -99999.000 -99999.000 -99999.000 -99999.000 -99999.000
569.624 569.609 574.460 574.488 574.441 574.376 574.372 573.938 576.768 576.968 574.427 573.947 574.161 575.100 575.816 576.134 575.829 576.199 576.138 576.387 577.041 578.157 578.315 577.281 577.296 577.296 577.757 577.793 577.908 577.826 571.347 571.440 576.599 576.686 576.612 576.742 576.365 576.388 576.346 576.203 577.631 576.866 576.667 576.826 576.765 576.807 576.816 575.566 575.441 575.755 575.839 -99999.000 -99999.000 -99999.000 -99999.000 -99999.000 -99999.000 -99999.000 -99999.000 -99999.000 -99999.000 -99999.000 -99999.000
569.651 574.466 574.564 574.564 574.722 574.298 574.239 574.141 577.106 576.940 576.231 574.233 574.732 575.502 576.147 576.738 577.609 576.079 576.307 576.157 577.064 577.690 577.913 577.950 578.319 577.709 578.014 578.232 578.374 578.066 573.579 575.003 576.608 576.391 576.534 576.618 576.216 576.346 576.300 576.083 577.327 576.572 577.433 577.229 577.134 576.567 576.285 576.332 576.631 576.728 576.307 -99999.000 -99999.000 -99999.000 -99999.000 -99999.000 -99999.000 -99999.000 -99999.000 -99999.000 -99999.000 -99999.000 -99999.000
574.598 574.613 574.750 574.593 574.732 574.519 574.602 574.583 574.395 574.837 576.595 574.713 575.242 575.871 576.027 576.410 576.544 576.452 576.745 576.972 577.508 578.231 577.946 578.190 578.609 578.306 578.306 577.885 577.839 577.586 575.326 576.548 576.761 576.774 576.692 577.125 576.784 576.608 576.174 576.313 576.898 579.034 578.296 577.868 577.748 577.216 577.180 576.027 576.787 576.927 576.803 -99999.000 -99999.000 -99999.000 -99999.000 -99999.000 -99999.000 -99999.000 -99999.000 -99999.000 -99999.000 -99999.000 -99999.000
574.571 574.515 574.703 574.740 574.820 574.395 574.759 574.898 574.980 574.848 574.804 575.189 575.681 575.966 576.281 576.544 576.528 576.631 577.028 577.060 577.443 578.033 578.075 578.355 578.656 578.702 578.822 578.757 577.991 578.005 577.871 576.765 577.052 576.894 576.738 576.835 576.829 576.784 576.982 577.748 576.972 580.338 579.592 578.083 577.963 577.102 577.180 577.374 577.212 577.125 576.995 -99999.000 -99999.000 -99999.000 -99999.000 -99999.000 -99999.000 -99999.000 -99999.000 -99999.000 -99999.000 -99999.000 -99999.000
574.576 574.466 574.583 574.764 574.681 574.801 575.092 575.161 575.180 575.138 575.340 575.355 575.686 575.839 575.936 576.603 576.888 576.969 577.157 577.092 577.702 577.839 578.112 578.540 578.904 579.016 579.010 578.776 578.186 577.839 577.702 577.184 577.216 577.319 576.816 577.079 580.338 583.110 581.003 580.914 575.658 578.641 578.449 578.521 577.946 577.138 577.388 577.485 577.346 577.349 577.245 -99999.000 -99999.000 -99999.000 -99999.000 -99999.000 -99999.000 -99999.000 -99999.000 -99999.000 -99999.000 -99999.000 -99999.000
574.390 574.441 574.584 574.684 574.848 575.132 575.326 575.298 575.271 575.281 575.395 575.538 575.595 575.742 575.664 576.111 576.715 577.115 577.235 577.609 577.822 578.102 578.260 578.988 578.978 579.056 578.936 578.517 578.125 577.729 577.595 577.052 577.128 577.184 577.064 577.060 582.099 584.383 584.729 582.114 577.388 580.098 579.517 578.332 578.121 577.608 577.365 577.572 577.871 577.641 -99999.000 -99999.000 -99999.000 -99999.000 -99999.000 -99999.000 -99999.000 -99999.000 -99999.000 -99999.000 -99999.000 -99999.000 -99999.000
574.303 574.366 574.390 574.745 575.349 575.589 575.521 575.486 575.654 575.437 575.521 575.723 575.723 575.784 576.294 577.001 576.927 577.193 577.517 577.927 577.991 578.306 578.544 578.793 579.079 579.397 579.494 578.527 578.287 578.997 578.365 581.878 581.975 576.898 577.018 576.949 580.287 583.773 584.198 582.270 578.452 579.536 578.475 578.609 578.351 577.807 578.346 578.212 578.140 -99999.000 -99999.000 -99999.000 -99999.000 -99999.000 -99999.000 -99999.000 -99999.000 -99999.000 -99999.000 -99999.000 -99999.000 -99999.000 -99999.000
