session4/DEM.asc
NCOLS 202
NROWS 265
XLLCORNER 76145.0000000000
YLLCORNER 235675.0000000000
CELLSIZE 30.000000
NODATA_VALUE -99999.000
[rows 224 to 251 of 265, columns 126 to 188 of 202]
574.173 574.259 574.438 574.391 575.321 575.589 575.641 575.631 578.969 575.561 576.557 576.807 576.304 575.944 576.180 576.641 577.148 577.281 577.595 577.862 578.066 578.508 579.205 579.504 579.195 579.674 579.744 579.933 579.913 578.942 580.573 581.910 582.068 577.407 577.605 577.530 578.056 580.643 581.832 581.518 579.578 579.039 578.504 578.858 579.845 578.511 578.111 578.024 578.121 -99999.000 -99999.000 -99999.000 -99999.000 -99999.000 -99999.000 -99999.000 -99999.000 -99999.000 -99999.000 -99999.000 -99999.000 -99999.000 -99999.000
574.193 574.594 575.221 575.123 575.751 575.664 575.700 575.700 579.430 577.144 577.702 577.586 576.452 582.377 583.539 578.845 577.378 577.248 577.963 578.140 578.209 578.283 579.361 579.601 579.361 579.670 581.098 580.163 579.712 579.302 581.487 581.864 581.851 580.805 578.033 578.784 577.609 578.485 581.529 581.929 579.569 578.982 579.614 579.411 579.734 578.670 578.287 578.180 -99999.000 -99999.000 -99999.000 -99999.000 -99999.000 -99999.000 -99999.000 -99999.000 -99999.000 -99999.000 -99999.000 -99999.000 -99999.000 -99999.000 -99999.000
574.717 574.730 575.852 575.317 575.561 575.742 576.212 579.946 579.936 580.098 580.043 576.667 576.368 581.518 585.415 580.851 578.504 577.443 578.411 578.374 578.388 578.780 579.740 579.803 579.637 579.929 581.137 580.685 580.813 580.007 581.824 581.860 581.805 582.020 578.268 578.841 579.338 578.757 581.643 581.215 579.314 578.729 579.089 579.228 578.841 578.494 578.443 578.361 -99999.000 -99999.000 -99999.000 -99999.000 -99999.000 -99999.000 -99999.000 -99999.000 -99999.000 -99999.000 -99999.000 -99999.000 -99999.000 -99999.000 -99999.000
574.963 575.019 575.142 575.336 575.745 575.816 575.843 580.127 580.015 580.906 578.790 576.307 576.391 576.475 577.443 577.955 581.919 577.780 578.485 578.466 578.858 578.830 579.508 579.637 579.923 580.159 580.565 581.057 581.127 581.727 582.224 581.847 581.790 581.851 582.013 579.439 579.923 580.260 580.971 580.933 579.348 579.241 579.024 579.070 578.790 578.601 578.631 -99999.000 -99999.000 -99999.000 -99999.000 -99999.000 -99999.000 -99999.000 -99999.000 -99999.000 -99999.000 -99999.000 -99999.000 -99999.000 -99999.000 -99999.000 -99999.000
574.794 575.204 575.280 575.382 576.087 575.907 575.976 580.182 578.660 576.206 576.231 576.290 576.648 576.664 576.797 577.264 577.530 577.765 577.830 578.900 578.955 579.173 579.536 579.864 580.150 580.273 580.676 581.057 581.176 582.026 582.201 582.409 581.676 581.874 582.201 582.238 581.838 581.123 581.085 581.123 579.302 580.647 579.218 579.411 579.024 578.919 -99999.000 -99999.000 -99999.000 -99999.000 -99999.000 -99999.000 -99999.000 -99999.000 -99999.000 -99999.000 -99999.000 -99999.000 -99999.000 -99999.000 -99999.000 -99999.000 -99999.000
574.649 575.142 575.385 575.726 576.050 575.917 576.086 576.165 576.193 576.307 577.079 576.894 576.885 576.812 577.121 577.475 577.679 577.342 573.109 578.799 578.887 579.264 579.712 580.112 580.135 580.302 580.716 580.975 581.695 582.238 582.335 582.405 581.592 582.045 581.786 582.076 582.182 581.805 581.542 581.020 579.942 580.150 579.923 579.734 579.264 579.213 -99999.000 -99999.000 -99999.000 -99999.000 -99999.000 -99999.000 -99999.000 -99999.000 -99999.000 -99999.000 -99999.000 -99999.000 -99999.000 -99999.000 -99999.000 -99999.000 -99999.000
575.265 575.725 575.736 575.709 575.902 575.982 576.245 576.382 576.768 577.563 577.650 576.858 577.157 577.258 577.359 577.839 578.144 578.452 578.020 578.992 579.491 580.237 580.030 580.348 581.251 581.243 581.483 581.316 582.188 582.386 581.680 581.744 581.620 581.824 581.758 581.893 581.919 581.948 581.893 580.757 580.135 579.946 579.712 579.449 579.403 -99999.000 -99999.000 -99999.000 -99999.000 -99999.000 -99999.000 -99999.000 -99999.000 -99999.000 -99999.000 -99999.000 -99999.000 -99999.000 -99999.000 -99999.000 -99999.000 -99999.000 -99999.000
575.611 576.393 576.980 576.115 576.008 577.207 577.083 576.858 577.037 577.466 577.576 577.393 577.605 577.517 577.475 577.891 578.452 578.512 579.186 579.005 581.108 581.182 580.076 580.315 581.163 581.117 581.201 581.506 582.289 582.344 581.750 581.698 581.900 582.169 581.984 581.718 581.841 581.944 581.984 576.547 579.001 579.841 579.923 580.794 -99999.000 -99999.000 -99999.000 -99999.000 -99999.000 -99999.000 -99999.000 -99999.000 -99999.000 -99999.000 -99999.000 -99999.000 -99999.000 -99999.000 -99999.000 -99999.000 -99999.000 -99999.000 -99999.000
575.762 577.069 577.138 576.437 576.645 577.738 577.452 576.932 577.102 577.687 577.830 577.761 577.854 577.849 577.660 578.212 578.702 580.117 579.302 579.108 580.011 581.123 580.209 580.186 581.099 581.209 581.386 581.514 582.381 582.405 581.790 581.887 581.975 582.173 581.874 581.727 581.906 581.979 581.979 579.182 579.500 580.098 579.984 580.887 -99999.000 -99999.000 -99999.000 -99999.000 -99999.000 -99999.000 -99999.000 -99999.000 -99999.000 -99999.000 -99999.000 -99999.000 -99999.000 -99999.000 -99999.000 -99999.000 -99999.000 -99999.000 -99999.000
576.430 577.217 577.476 576.709 576.765 576.888 576.955 577.300 577.245 577.393 577.816 578.129 578.129 578.094 577.931 578.163 578.767 579.813 579.513 579.420 580.224 580.500 580.329 581.011 581.127 581.763 581.559 581.864 582.400 582.344 581.731 581.870 582.021 581.984 581.773 581.727 581.838 582.110 581.689 579.763 580.306 580.241 580.117 -99999.000 -99999.000 -99999.000 -99999.000 -99999.000 -99999.000 -99999.000 -99999.000 -99999.000 -99999.000 -99999.000 -99999.000 -99999.000 -99999.000 -99999.000 -99999.000 -99999.000 -99999.000 -99999.000 -99999.000
576.324 576.885 577.049 577.024 576.871 577.673 577.997 577.664 577.728 577.494 577.969 578.291 578.323 578.190 578.254 578.595 578.891 579.251 579.416 579.689 580.813 580.426 580.481 581.266 581.319 581.464 581.537 581.838 582.390 582.095 581.754 581.961 581.971 582.013 581.773 581.796 582.021 582.201 581.676 580.112 580.634 580.555 580.453 -99999.000 -99999.000 -99999.000 -99999.000 -99999.000 -99999.000 -99999.000 -99999.000 -99999.000 -99999.000 -99999.000 -99999.000 -99999.000 -99999.000 -99999.000 -99999.000 -99999.000 -99999.000 -99999.000 -99999.000
576.391 576.529 576.978 577.079 577.176 578.401 578.268 578.020 577.881 578.729 578.767 578.319 578.268 578.134 578.536 578.664 579.070 579.462 579.517 579.855 580.167 580.615 580.620 580.809 581.432 581.653 581.500 582.020 582.358 581.864 581.847 582.179 581.961 581.878 581.809 581.799 582.020 582.150 581.657 580.030 580.897 581.375 581.127 -99999.000 -99999.000 -99999.000 -99999.000 -99999.000 -99999.000 -99999.000 -99999.000 -99999.000 -99999.000 -99999.000 -99999.000 -99999.000 -99999.000 -99999.000 -99999.000 -99999.000 -99999.000 -99999.000 -99999.000
576.570 576.453 577.207 577.296 577.229 578.254 578.277 578.319 578.157 579.125 579.190 578.540 578.374 578.504 578.767 579.005 579.481 579.536 579.864 580.076 580.182 581.325 581.123 580.877 581.956 581.780 581.588 582.182 582.358 581.708 581.754 583.533 581.998 581.933 581.883 581.925 581.967 582.241 580.975 581.319 581.335 581.449 581.439 -99999.000 -99999.000 -99999.000 -99999.000 -99999.000 -99999.000 -99999.000 -99999.000 -99999.000 -99999.000 -99999.000 -99999.000 -99999.000 -99999.000 -99999.000 -99999.000 -99999.000 -99999.000 -99999.000 -99999.000
576.916 577.059 577.199 577.540 577.628 578.264 578.287 578.237 578.401 578.420 578.504 578.517 578.462 578.872 579.102 579.651 579.698 579.582 579.942 580.049 580.734 581.517 582.068 581.344 581.939 582.003 581.718 582.640 582.464 581.777 581.796 581.939 581.906 581.740 581.933 581.883 581.956 582.308 579.651 582.013 581.828 581.841 -99999.000 -99999.000 -99999.000 -99999.000 -99999.000 -99999.000 -99999.000 -99999.000 -99999.000 -99999.000 -99999.000 -99999.000 -99999.000 -99999.000 -99999.000 -99999.000 -99999.000 -99999.000 -99999.000 -99999.000 -99999.000
577.067 577.079 577.144 577.452 577.742 578.020 578.163 578.618 578.721 578.624 578.683 578.660 578.329 579.121 579.209 579.780 579.752 579.601 579.883 581.672 581.601 581.117 581.215 581.990 581.893 581.883 582.030 582.815 582.156 581.708 581.847 582.068 581.900 581.735 582.160 581.990 582.021 582.201 578.249 582.098 582.110 582.076 -99999.000 -99999.000 -99999.000 -99999.000 -99999.000 -99999.000 -99999.000 -99999.000 -99999.000 -99999.000 -99999.000 -99999.000 -99999.000 -99999.000 -99999.000 -99999.000 -99999.000 -99999.000 -99999.000 -99999.000 -99999.000
577.156 577.059 577.651 578.089 578.803 578.471 578.391 579.310 579.079 579.066 578.896 579.052 579.098 579.523 579.651 579.864 579.624 579.605 580.089 581.533 581.491 581.657 581.735 581.975 582.104 582.076 582.059 582.491 581.874 581.809 581.870 581.998 581.948 582.156 582.072 582.026 582.169 582.159 577.319 582.685 582.578 582.514 -99999.000 -99999.000 -99999.000 -99999.000 -99999.000 -99999.000 -99999.000 -99999.000 -99999.000 -99999.000 -99999.000 -99999.000 -99999.000 -99999.000 -99999.000 -99999.000 -99999.000 -99999.000 -99999.000 -99999.000 -99999.000
577.489 577.282 577.913 578.498 579.056 578.517 579.910 580.007 579.637 579.268 579.228 579.287 579.430 579.472 580.150 580.348 580.653 580.805 580.988 581.215 581.224 581.325 581.468 581.967 582.099 582.099 582.201 582.455 581.796 581.758 582.188 581.916 581.818 582.325 582.091 582.358 582.257 582.247 577.742 582.889 582.861 582.942 -99999.000 -99999.000 -99999.000 -99999.000 -99999.000 -99999.000 -99999.000 -99999.000 -99999.000 -99999.000 -99999.000 -99999.000 -99999.000 -99999.000 -99999.000 -99999.000 -99999.000 -99999.000 -99999.000 -99999.000 -99999.000
577.348 577.525 578.426 578.637 578.997 579.140 579.508 579.803 579.517 579.310 579.342 579.513 579.637 579.647 580.321 580.315 580.527 580.763 580.942 581.140 581.653 582.182 582.114 581.721 582.146 582.335 582.279 582.491 581.874 581.878 582.072 581.883 581.910 582.293 582.114 582.169 582.260 582.316 579.517 583.529 583.032 582.834 -99999.000 -99999.000 -99999.000 -99999.000 -99999.000 -99999.000 -99999.000 -99999.000 -99999.000 -99999.000 -99999.000 -99999.000 -99999.000 -99999.000 -99999.000 -99999.000 -99999.000 -99999.000 -99999.000 -99999.000 -99999.000
577.358 577.645 578.148 578.435 579.167 579.481 579.388 579.693 579.683 579.674 579.586 579.813 579.864 580.098 580.215 580.375 580.712 581.257 581.348 581.375 581.815 581.883 581.805 581.620 582.062 582.727 582.556 582.308 582.007 581.998 582.114 581.939 581.887 582.335 582.238 582.279 582.247 582.247 581.234 583.695 583.156 583.133 -99999.000 -99999.000 -99999.000 -99999.000 -99999.000 -99999.000 -99999.000 -99999.000 -99999.000 -99999.000 -99999.000 -99999.000 -99999.000 -99999.000 -99999.000 -99999.000 -99999.000 -99999.000 -99999.000 -99999.000 -99999.000
-99999.000 577.848 578.180 578.329 579.420 579.517 579.357 579.786 580.453 580.306 580.135 580.075 579.883 579.936 580.089 580.601 580.822 581.270 581.634 581.676 581.855 582.118 582.270 581.933 582.182 582.419 582.419 582.390 582.188 582.141 582.321 582.182 581.971 582.335 582.571 582.371 582.413 582.247 583.571 583.769 583.276 -99999.000 -99999.000 -99999.000 -99999.000 -99999.000 -99999.000 -99999.000 -99999.000 -99999.000 -99999.000 -99999.000 -99999.000 -99999.000 -99999.000 -99999.000 -99999.000 -99999.000 -99999.000 -99999.000 -99999.000 -99999.000 -99999.000
-99999.000 -99999.000 578.214 578.706 579.245 579.569 579.536 579.794 580.647 580.620 580.329 580.472 580.260 580.306 579.914 580.685 581.049 581.205 581.518 581.598 582.361 582.952 583.363 583.234 582.399 582.118 582.800 582.571 582.289 582.238 582.400 582.354 582.121 582.422 582.630 582.961 582.552 582.013 584.211 584.266 583.312 -99999.000 -99999.000 -99999.000 -99999.000 -99999.000 -99999.000 -99999.000 -99999.000 -99999.000 -99999.000 -99999.000 -99999.000 -99999.000 -99999.000 -99999.000 -99999.000 -99999.000 -99999.000 -99999.000 -99999.000 -99999.000 -99999.000
-99999.000 -99999.000 -99999.000 578.927 579.144 579.416 579.620 579.895 580.638 581.637 580.255 580.435 580.527 580.293 580.315 580.805 581.159 581.598 582.312 582.455 582.104 582.737 583.280 583.682 583.497 583.977 583.160 582.556 582.299 582.371 582.361 582.367 582.481 582.481 582.474 583.133 582.649 581.979 584.581 584.691 -99999.000 -99999.000 -99999.000 -99999.000 -99999.000 -99999.000 -99999.000 -99999.000 -99999.000 -99999.000 -99999.000 -99999.000 -99999.000 -99999.000 -99999.000 -99999.000 -99999.000 -99999.000 -99999.000 -99999.000 -99999.000 -99999.000 -99999.000
-99999.000 -99999.000 -99999.000 -99999.000 578.721 579.894 579.809 580.081 580.666 580.588 580.384 581.011 580.685 580.828 580.786 581.182 581.468 581.552 582.321 582.165 582.381 584.945 583.078 583.261 583.188 583.327 583.341 582.815 582.367 582.474 582.617 582.598 582.556 582.578 582.943 582.792 582.754 581.952 584.899 584.948 -99999.000 -99999.000 -99999.000 -99999.000 -99999.000 -99999.000 -99999.000 -99999.000 -99999.000 -99999.000 -99999.000 -99999.000 -99999.000 -99999.000 -99999.000 -99999.000 -99999.000 -99999.000 -99999.000 -99999.000 -99999.000 -99999.000 -99999.000
-99999.000 -99999.000 -99999.000 -99999.000 -99999.000 580.062 579.975 580.062 580.569 580.592 580.582 580.906 581.007 580.896 581.154 581.375 581.634 581.805 582.727 582.173 582.847 584.249 584.386 583.783 583.419 583.302 583.520 583.091 582.626 582.611 582.525 582.308 582.607 582.649 582.952 582.841 582.857 581.727 585.322 -99999.000 -99999.000 -99999.000 -99999.000 -99999.000 -99999.000 -99999.000 -99999.000 -99999.000 -99999.000 -99999.000 -99999.000 -99999.000 -99999.000 -99999.000 -99999.000 -99999.000 -99999.000 -99999.000 -99999.000 -99999.000 -99999.000 -99999.000 -99999.000
-99999.000 -99999.000 -99999.000 -99999.000 -99999.000 -99999.000 580.173 580.049 580.329 580.740 580.948 581.091 581.131 580.721 580.914 580.925 581.352 581.731 581.925 581.916 582.432 584.632 584.626 583.779 584.023 584.678 583.552 583.207 582.737 582.514 582.377 582.127 582.662 582.746 582.737 583.876 583.095 580.371 585.743 -99999.000 -99999.000 -99999.000 -99999.000 -99999.000 -99999.000 -99999.000 -99999.000 -99999.000 -99999.000 -99999.000 -99999.000 -99999.000 -99999.000 -99999.000 -99999.000 -99999.000 -99999.000 -99999.000 -99999.000 -99999.000 -99999.000 -99999.000 -99999.000
-99999.000 -99999.000 -99999.000 -99999.000 -99999.000 -99999.000 -99999.000 580.241 581.472 580.546 580.984 581.375 581.744 581.897 581.123 580.997 581.270 581.495 581.601 581.860 582.436 583.474 583.487 583.824 584.617 584.626 583.796 583.603 582.714 582.556 582.413 582.182 582.481 582.847 582.809 583.160 582.971 579.024 -99999.000 -99999.000 -99999.000 -99999.000 -99999.000 -99999.000 -99999.000 -99999.000 -99999.000 -99999.000 -99999.000 -99999.000 -99999.000 -99999.000 -99999.000 -99999.000 -99999.000 -99999.000 -99999.000 -99999.000 -99999.000 -99999.000 -99999.000 -99999.000 -99999.000
-99999.000 -99999.000 -99999.000 -99999.000 -99999.000 -99999.000 -99999.000 -99999.000 580.919 581.735 580.702 581.537 581.979 581.815 581.491 581.731 583.169 581.081 581.251 581.721 582.146 582.883 583.699 583.672 583.695 583.783 583.880 583.649 582.961 582.676 582.721 582.045 582.699 582.902 582.948 583.377 583.916 580.449 -99999.000 -99999.000 -99999.000 -99999.000 -99999.000 -99999.000 -99999.000 -99999.000 -99999.000 -99999.000 -99999.000 -99999.000 -99999.000 -99999.000 -99999.000 -99999.000 -99999.000 -99999.000 -99999.000 -99999.000 -99999.000 -99999.000 -99999.000 -99999.000 -99999.000
-99999.000 -99999.000 -99999.000 -99999.000 -99999.000 -99999.000 -99999.000 -99999.000 -99999.000 581.095 581.215 584.512 582.140 581.944 582.013 581.944 581.851 581.615 581.712 581.916 582.173 583.442 583.931 583.912 584.377 584.575 584.451 584.405 584.552 582.773 582.714 582.026 582.668 583.045 583.068 583.842 584.165 -99999.000 -99999.000 -99999.000 -99999.000 -99999.000 -99999.000 -99999.000 -99999.000 -99999.000 -99999.000 -99999.000 -99999.000 -99999.000 -99999.000 -99999.000 -99999.000 -99999.000 -99999.000 -99999.000 -99999.000 -99999.000 -99999.000 -99999.000 -99999.000 -99999.000 -99999.000
