NAME	= 
DESCRIPTION	= 
UNIT	= 
DATAFORMAT	= FLOAT
DATAFILE_OFFSET	= 0
BYTEORDER_BIG	= FALSE
TOPTOBOTTOM	= FALSE
POSITION_XMIN	= 679730.0000000000000000
POSITION_YMIN	= 5236831.0000000000000000
CELLCOUNT_X	= 3001
CELLCOUNT_Y	= 3001
CELLSIZE	= 1.0000000000000000
Z_FACTOR	= 1.000000
Z_OFFSET	= 0.000000
NODATA_VALUE	= -99999.000000;-99999.000000
